idCorredor: 117
itensDePedidosAtendidos: 1, 2, 8, 37, 52, 55, 133, 139, 146, 152, 221, 236, 238, 248, 284, 291, 310, 314, 335, 396, 440, 478, 491, 497, 502, 507, 543, 601, 638, 731, 753, 755, 802, 826, 872, 893, 939, 952, 978, 984, 1001, 1003, 1020, 1030, 1039, 1053, 1054, 1073, 1077, 1100, 1102, 1110, 1113, 1127, 1162, 1198, 1224, 1232, 1243, 1306, 1330, 1382, 1389, 1393, 1414, 1425, 1430, 1440, 1513, 1593, 1609, 1635, 1655, 1672, 1688, 1693, 1738, 1761, 1783, 1795, 1816, 1843, 1855, 1875, 1890, 1903, 1951, 1983, 2068, 2108, 2140, 2144, 2151, 2178, 2179, 2181, 2191, 2209, 2231, 2236, 2275, 2287, 2320, 2371, 2444, 2485, 2541, 2543, 2544, 2554, 2581, 2609, 2622, 2627, 2643, 2647, 2721, 2734, 2752, 2782, 2806, 2810, 2823, 2824, 2833, 2846, 2901, 2905, 2914, 2926, 2966, 2968, 2970, 3010, 3085, 3093, 3177, 3178, 3197, 3208, 3238, 3242, 3254, 3351, 3355, 3361, 3385, 3386, 3403, 3424, 3426, 3458, 3492, 3537, 3542, 3602, 3608, 3620, 3623, 3638, 3644, 3675, 3710, 3755, 3786, 3803, 3807, 3830, 3837, 3839, 3843, 3856, 3862, 3908, 3926, 3930, 3945, 3948, 3949, 3956, 3983, 3998, 4017, 4020, 4040, 4045, 4050, 4081, 4102, 4126, 4189, 4238, 4272, 4308, 4313, 4349, 4363, 4472, 4493, 4560, 4578, 4584, 4587, 4594, 4601, 4603, 4642, 4644, 4711, 4735, 4794, 4805, 4813, 4874, 4909, 4956, 4959, 4968, 4985, 4992, 5012, 5063, 5071, 5074, 5102, 5118, 5165, 5169, 5188, 5190, 5204, 5207, 5257, 5261, 5262, 5272, 5341, 5376, 5379, 5382, 5391, 5393, 5429, 5445, 5461, 5462, 5489, 5491, 5492, 5494, 5496, 5499, 5512, 5542, 5597, 5600, 5622, 5656, 5672, 5701, 5718, 5759, 5848, 5852, 5908, 5918, 5925, 5959, 5979, 6014, 6017, 6026, 6028, 6031, 6033, 6036, 6062, 6115, 6124, 6152, 6168, 6169, 6238, 6240, 6265, 6268, 6288, 6325, 6337, 6339, 6374, 6379, 6411, 6417, 6438, 6456, 6477, 6480, 6513, 6521, 6523, 6539, 6556, 6580, 6619, 6667, 6689, 6731, 6738, 6739, 6742, 6768, 6815, 6857, 6859, 6928, 6936, 6946, 6956, 6957, 7000
pedidosAtendidos: 2054, 11, 4110, 4112, 18, 2073, 8218, 10266, 8220, 29, 4125, 10271, 10272, 8226, 36, 6181, 6182, 47, 10294, 55, 2105, 8252, 6205, 2116, 10309, 10311, 73, 2128, 81, 4178, 10323, 8280, 2140, 93, 8288, 10337, 98, 100, 2148, 4199, 4201, 2156, 110, 112, 4223, 8319, 129, 4226, 2191, 4251, 2210, 163, 167, 168, 6322, 6323, 2230, 6348, 4304, 8184, 2272, 4326, 2283, 269, 4366, 4367, 279, 2329, 6425, 8479, 4389, 6438, 8485, 8488, 6443, 6447, 306, 6456, 4409, 4410, 6470, 2375, 6474, 8525, 6479, 338, 8532, 4438, 8534, 350, 352, 8550, 2414, 6525, 8580, 2439, 2441, 2443, 399, 417, 418, 2467, 6566, 2473, 8618, 8623, 433, 2483, 442, 449, 2504, 4562, 467, 2517, 472, 4568, 474, 2524, 477, 2525, 4576, 2532, 2537, 4592, 2563, 8710, 524, 4622, 527, 6673, 531, 2581, 2583, 6689, 2595, 8741, 8743, 2610, 2626, 4679, 584, 2632, 587, 8790, 600, 4696, 2650, 4705, 610, 6757, 2664, 6770, 628, 4730, 4734, 8841, 8844, 2703, 656, 6800, 8851, 2708, 4763, 8867, 4773, 2737, 8882, 2748, 708, 8918, 6871, 6877, 737, 738, 746, 8942, 6895, 2801, 8948, 8949, 758, 759, 8954, 6922, 8975, 4884, 8983, 797, 4903, 809, 9006, 2864, 6960, 4915, 4916, 2872, 6969, 9022, 9031, 4942, 9041, 2902, 6998, 856, 4966, 872, 4973, 2929, 9075, 2933, 4996, 7062, 5015, 7066, 928, 937, 2995, 9139, 7099, 5055, 9151, 9162, 5067, 974, 5074, 7122, 3047, 3050, 9202, 1013, 7158, 9217, 3076, 7173, 9220, 1031, 1032, 7175, 1034, 3083, 9231, 1040, 3093, 3094, 5141, 5145, 1050, 1056, 5155, 7211, 9262, 3119, 3124, 5174, 3128, 9280, 7243, 9299, 3156, 3163, 7266, 3174, 7270, 3178, 9324, 9326, 7289, 3195, 1151, 9356, 5261, 3214, 9380, 1193, 5293, 7345, 3257, 1213, 3272, 9417, 1226, 1231, 9423, 1242, 7391, 1253, 3302, 1255, 5349, 9446, 3323, 1276, 5378, 9478, 7437, 9485, 1295, 5394, 7452, 3367, 3373, 5426, 7477, 7481, 3404, 9569, 1383, 9580, 7545, 5502, 9599, 1409, 3467, 1422, 5521, 3475, 5540, 9636, 9640, 9641, 7598, 9646, 5556, 3516, 7615, 3521, 3523, 3526, 1486, 7646, 9701, 3560, 7665, 1524, 3584, 7681, 9728, 7683, 1542, 7689, 9740, 7699, 7701, 7706, 3611, 3612, 5662, 3615, 7710, 9760, 3618, 7717, 9768, 7724, 3633, 5682, 3637, 5694, 1602, 5703, 9801, 5706, 7756, 7770, 3677, 3687, 9835, 9836, 1654, 9848, 3709, 5762, 3717, 3718, 9867, 3727, 5775, 5778, 9878, 5785, 3750, 7855, 1716, 5812, 3771, 9916, 1725, 3774, 7874, 1732, 9928, 1737, 9930, 1749, 1763, 3820, 9973, 7934, 7937, 1794, 1802, 7952, 1809, 5910, 7961, 5915, 10012, 3870, 1826, 3880, 7981, 5934, 5944, 1855, 1858, 1860, 5962, 1874, 5972, 10075, 1890, 8045, 8046, 3955, 10109, 6017, 3974, 6029, 10128, 8082, 8090, 10140, 6045, 6046, 1957, 1960, 4010, 6064, 4018, 8128, 10179, 8135, 8137, 1996, 4048, 10194, 8149, 4056, 2009, 8154, 4067, 8163, 2029, 10224, 6130, 2040, 2042, 4091, 2046
tamanho: 635
score: 635.0
Tempo gasto para construir o RSO: 6.104331099999399

Heuristica
Score: 144.57692307692307
Tempo: 0.17413109999870358

Heuristica Refinamento
Score: 274.7857142857143
Tempo: 0.278577299999597
