Pedidos:
0: 5 6 1 14 1 30 1 42 1 46 1
1: 2 40 1 48 1
2: 2 22 1 41 3
3: 4 1 1 18 1 50 1 51 1
4: 2 8 1 49 1
5: 2 26 1 32 1
6: 2 11 1 29 1
7: 4 2 1 16 1 17 1 27 1
8: 3 12 1 20 2 31 3
9: 8 5 1 7 1 23 1 25 1 43 1 47 1 53 1 56 1
10: 3 13 2 19 4 34 1
11: 7 4 1 9 1 24 1 36 1 38 1 52 1 57 1
12: 4 0 2 35 2 37 1 39 2
13: 2 54 1 55 1
14: 5 10 1 21 1 28 1 33 1 45 1
15: 4 3 1 15 1 44 1 58 1

Corredores:
0: 2 16 14 51 26
1: 2 18 6 22 1
2: 5 5 10 11 3 18 3 19 10 50 5
3: 1 18 1
4: 1 41 2
5: 1 19 1
6: 1 38 12
7: 2 12 10 47 5
8: 1 12 5
9: 1 29 1
10: 3 28 4 34 1 51 18
11: 1 53 11
12: 2 8 21 33 6
13: 1 23 1
14: 1 26 3
15: 1 13 1
16: 3 38 1 52 8 57 17
17: 2 32 1 48 20
18: 1 40 19
19: 4 14 1 17 11 19 8 40 15
20: 2 15 1 48 1
21: 1 18 6
22: 1 3 2
23: 4 7 26 12 7 13 3 34 25
24: 1 11 1
25: 1 18 2
26: 1 17 20
27: 3 35 325 42 1 46 13
28: 4 1 8 25 1 32 5 48 40
29: 1 6 14
30: 2 17 22 58 15
31: 1 26 3
32: 1 31 72
33: 2 4 39 38 12
34: 1 18 2
35: 2 12 15 50 6
36: 1 29 3
37: 1 6 15
38: 4 10 3 16 14 19 2 25 5
39: 2 0 5 39 11
40: 1 40 8
41: 1 23 1
42: 1 58 11
43: 2 17 3 53 8
44: 2 32 6 40 16
45: 2 15 2 53 3
46: 1 9 19
47: 1 15 2
48: 2 4 13 36 10
49: 1 17 8
50: 2 22 4 56 3
51: 1 51 21
52: 2 12 6 34 15
53: 2 16 9 32 2
54: 5 2 12 21 6 37 938 46 1 49 2
55: 3 11 3 12 1 26 3
56: 1 36 6
57: 1 32 6
58: 1 20 21
59: 1 40 4
60: 2 6 14 20 1
61: 1 48 42
62: 2 2 12 37 1
63: 1 23 1
64: 2 13 1 32 12
65: 1 12 2
66: 2 12 10 32 4
67: 2 45 5 48 13
68: 1 50 4
69: 1 55 3
70: 4 31 1 41 2 42 1 44 2
71: 1 51 25
72: 2 3 19 51 37
73: 1 32 2
74: 2 12 2 20 7
75: 3 22 4 32 6 48 49
76: 1 30 5
77: 1 54 24
78: 1 20 2
79: 1 22 2
80: 1 27 2
81: 1 18 9
82: 1 50 5
83: 2 16 5 26 2
84: 1 6 9
85: 1 18 4
86: 2 10 7 32 5
87: 1 12 5
88: 2 0 8 39 24
89: 1 11 1
90: 3 4 21 24 2 43 28

Limite Inferior e Limite Superior:
4 40
