Pedidos:
0: 1 22 1
1: 1 372 1
2: 1 269 1
3: 1 224 1
4: 1 290 1
5: 1 202 1
6: 1 313 1
7: 1 118 1
8: 1 312 1
9: 1 409 1
10: 1 397 1
11: 1 276 1
12: 1 47 1
13: 1 302 1
14: 1 306 1
15: 1 116 1
16: 1 299 1
17: 1 255 1
18: 1 385 1
19: 1 217 1
20: 1 337 1
21: 1 326 1
22: 1 405 1
23: 1 331 1
24: 1 237 1
25: 1 310 1
26: 1 225 1
27: 1 292 1
28: 1 196 1
29: 1 340 1
30: 1 199 1
31: 1 240 1
32: 1 207 1
33: 1 101 1
34: 1 334 1
35: 1 57 1
36: 1 403 1
37: 1 10 1
38: 1 204 1
39: 1 128 1
40: 1 399 1
41: 1 186 1
42: 1 19 1
43: 1 63 1
44: 1 361 1
45: 1 67 1
46: 1 7 1
47: 1 390 1
48: 1 303 1
49: 1 124 1
50: 1 391 1
51: 1 235 1
52: 1 201 1
53: 1 231 1
54: 1 53 1
55: 1 386 1
56: 1 348 1
57: 1 242 1
58: 1 355 1
59: 1 330 1
60: 1 65 1
61: 1 288 1
62: 1 295 1
63: 1 176 1
64: 1 298 1
65: 1 6 1
66: 1 307 1
67: 1 58 1
68: 1 73 1
69: 1 81 1
70: 1 247 1
71: 1 52 1
72: 1 175 1
73: 1 349 1
74: 1 139 1
75: 1 137 1
76: 1 406 1
77: 1 394 1
78: 1 125 1
79: 1 205 1
80: 1 4 1
81: 1 154 1
82: 1 320 1
83: 1 24 1
84: 1 29 1
85: 1 388 1
86: 1 141 1
87: 1 227 1
88: 1 356 1
89: 1 104 1
90: 1 402 1
91: 1 112 1
92: 1 37 1
93: 1 133 1
94: 1 346 1
95: 1 401 1
96: 1 344 1
97: 1 1 1
98: 1 239 1
99: 1 76 1
100: 1 188 1
101: 1 365 1
102: 1 327 1
103: 1 323 1
104: 1 215 1
105: 1 357 1
106: 1 107 1
107: 1 393 1
108: 1 322 1
109: 1 105 1
110: 1 220 1
111: 1 264 1
112: 1 83 1
113: 1 39 1
114: 1 244 1
115: 1 254 1
116: 1 48 1
117: 1 130 1
118: 1 191 1
119: 1 291 1
120: 1 401 1
121: 1 256 1
122: 1 304 1
123: 1 285 1
124: 1 28 1
125: 1 229 1
126: 1 184 1
127: 1 249 1
128: 1 278 1
129: 1 108 1
130: 1 45 1
131: 1 309 1
132: 1 270 1
133: 1 153 1
134: 1 262 1
135: 1 181 1
136: 1 216 1
137: 1 251 1
138: 1 163 1
139: 1 187 1
140: 1 300 1
141: 1 345 1
142: 1 168 1
143: 1 315 1
144: 1 136 1
145: 1 260 1
146: 1 342 1
147: 1 93 1
148: 1 286 1
149: 1 294 1
150: 1 160 1
151: 1 142 1
152: 1 226 1
153: 1 82 1
154: 1 194 1
155: 1 339 1
156: 1 213 1
157: 1 59 1
158: 1 166 1
159: 1 359 1
160: 1 280 1
161: 1 318 1
162: 1 324 1
163: 1 211 1
164: 1 115 1
165: 1 16 1
166: 1 90 1
167: 1 88 1
168: 1 351 1
169: 1 367 1
170: 1 17 1
171: 1 343 1
172: 1 370 1
173: 1 347 1
174: 1 34 1
175: 1 158 1
176: 1 33 1
177: 1 400 1
178: 1 362 1
179: 1 273 1
180: 1 221 1
181: 1 178 1
182: 1 62 1
183: 1 305 1
184: 1 206 1
185: 1 102 1
186: 1 145 1
187: 1 277 1
188: 1 100 1
189: 1 271 1
190: 1 296 1
191: 1 381 1
192: 1 0 1
193: 1 289 1
194: 1 56 1
195: 1 60 1
196: 1 79 1
197: 1 99 1
198: 1 236 1
199: 1 2 1
200: 1 200 1
201: 1 71 1
202: 1 64 1
203: 1 378 1
204: 1 275 1
205: 1 44 1
206: 1 316 1
207: 1 157 1
208: 1 92 1
209: 1 392 1
210: 1 74 1
211: 1 170 1
212: 1 106 1
213: 1 189 1
214: 1 321 1
215: 1 150 1
216: 1 8 1
217: 1 395 1
218: 1 369 1
219: 1 410 1
220: 1 272 1
221: 1 301 1
222: 1 380 1
223: 1 274 1
224: 1 162 1
225: 1 156 1
226: 1 94 1
227: 1 374 1
228: 1 233 1
229: 1 373 1
230: 1 132 1
231: 1 165 1
232: 1 151 1
233: 1 78 1
234: 1 375 1
235: 1 281 1
236: 1 218 1
237: 1 332 1
238: 1 214 1
239: 1 368 1
240: 1 283 1
241: 1 43 1
242: 1 293 1
243: 1 346 1
244: 1 287 1
245: 1 121 1
246: 1 180 1
247: 1 27 1
248: 1 122 1
249: 1 377 1
250: 1 267 1
251: 1 263 1
252: 1 26 1
253: 1 222 1
254: 1 96 1
255: 1 384 1
256: 1 91 1
257: 1 36 1
258: 1 407 1
259: 1 335 1
260: 1 358 1
261: 1 32 1
262: 1 126 1
263: 1 21 1
264: 1 84 1
265: 1 138 1
266: 1 9 1
267: 1 49 1
268: 1 97 1
269: 1 11 1
270: 1 89 1
271: 1 183 1
272: 1 203 1
273: 1 232 1
274: 1 54 1
275: 1 408 1
276: 1 371 1
277: 1 185 1
278: 1 68 1
279: 1 396 1
280: 1 265 1
281: 1 129 1
282: 1 360 1
283: 1 198 1
284: 1 87 1
285: 1 86 1
286: 1 149 1
287: 1 18 1
288: 1 120 1
289: 1 135 1
290: 1 238 1
291: 1 336 1
292: 1 328 1
293: 1 404 1
294: 1 46 1
295: 1 114 1
296: 1 75 1
297: 1 169 1
298: 1 179 1
299: 1 131 1
300: 1 241 1
301: 1 252 1
302: 1 159 1
303: 1 383 1
304: 1 5 1
305: 1 250 1
306: 1 382 1
307: 1 146 1
308: 1 174 1
309: 1 258 1
310: 1 230 1
311: 1 364 1
312: 1 352 1
313: 1 40 1
314: 1 341 1
315: 1 259 1
316: 1 173 1
317: 1 148 1
318: 1 134 1
319: 1 325 1
320: 1 387 1
321: 1 308 1
322: 1 353 1
323: 1 38 1
324: 1 379 1
325: 1 245 1
326: 1 103 1
327: 1 72 1
328: 1 127 1
329: 1 210 1
330: 1 80 1
331: 1 212 1
332: 1 110 1
333: 1 155 1
334: 1 3 1
335: 1 98 1
336: 1 25 1
337: 1 147 1
338: 1 12 1
339: 1 172 1
340: 1 35 1
341: 1 279 1
342: 1 23 1
343: 1 197 1
344: 1 350 1
345: 1 246 1
346: 1 66 1
347: 1 30 1
348: 1 119 1
349: 1 248 1
350: 1 266 1
351: 1 208 1
352: 1 31 1
353: 1 249 1
354: 1 14 1
355: 1 311 1
356: 1 190 1
357: 1 143 1
358: 1 243 1
359: 1 234 1
360: 1 85 1
361: 1 177 1
362: 1 15 1
363: 1 282 1
364: 1 164 1
365: 1 354 1
366: 1 376 1
367: 1 192 1
368: 1 111 1
369: 1 284 1
370: 1 171 1
371: 1 42 1
372: 1 193 1
373: 1 123 1
374: 1 117 1
375: 1 152 1
376: 1 389 1
377: 1 55 1
378: 1 228 1
379: 1 109 1
380: 1 223 1
381: 1 195 1
382: 1 131 1
383: 1 317 1
384: 1 319 1
385: 1 41 1
386: 1 95 1
387: 1 333 1
388: 1 338 1
389: 1 51 1
390: 1 385 1
391: 1 113 1
392: 1 314 1
393: 1 268 1
394: 1 329 1
395: 1 398 1
396: 1 77 1
397: 1 297 1
398: 1 161 1
399: 1 50 1
400: 1 69 1
401: 1 70 1
402: 1 253 1
403: 1 363 1
404: 1 209 1
405: 1 257 1
406: 1 20 1
407: 1 261 1
408: 1 144 1
409: 1 13 1
410: 1 167 1
411: 1 140 1
412: 1 182 1
413: 1 61 1
414: 1 366 1
415: 1 27 1
416: 1 219 1

Corredores:
0: 4 105 3 124 17 216 4 299 2
1: 37 9 1 22 3 29 1 71 1 84 1 98 1 105 2 107 4 117 2 120 12 125 1 127 6 133 1 134 2 155 2 163 1 173 1 182 1 189 6 190 2 195 1 197 1 212 1 216 3 219 1 238 1 244 1 249 1 292 4 299 1 336 1 361 1 368 1 378 1 380 2 388 2 392 1
2: 23 5 2 32 1 70 1 89 1 93 2 105 1 107 2 108 1 109 1 116 1 119 1 161 2 163 1 195 2 216 6 223 1 252 1 279 2 299 1 334 1 367 4 380 8 400 2
3: 5 34 1 195 2 201 1 277 1 408 1
4: 5 5 2 41 62 107 28 185 4 299 6
5: 28 16 1 22 1 26 1 45 4 56 1 67 1 93 5 111 1 114 1 124 2 134 4 140 1 168 1 184 2 216 4 223 1 233 1 246 2 253 3 299 2 319 3 352 1 357 1 361 2 366 1 369 1 380 2 394 1
6: 31 62 2 65 1 66 1 100 1 107 2 115 1 119 1 120 3 137 1 161 4 184 1 194 2 203 1 216 8 223 1 233 3 244 1 266 1 299 2 314 1 324 1 338 1 343 2 373 3 375 3 380 1 384 1 385 31 388 3 393 1 394 1
7: 21 52 8 84 2 121 2 125 1 141 1 159 1 195 1 211 1 212 1 225 1 267 1 271 1 279 3 299 1 304 2 305 1 332 1 334 1 380 11 388 1 389 1
8: 2 86 1 346 2
9: 7 67 1 105 1 210 1 343 1 347 1 401 3 410 1
10: 11 58 5 105 2 107 5 124 8 161 4 173 1 194 8 295 1 299 3 352 13 388 4
11: 33 13 2 20 1 44 1 88 1 93 1 95 2 101 4 102 1 124 4 130 1 134 4 160 7 163 1 189 2 195 1 200 1 216 4 217 1 225 5 234 1 244 1 247 4 261 1 270 18 299 2 309 1 319 3 348 1 351 1 385 8 387 5 388 1 389 2
12: 4 7 5 86 1 195 18 299 7
13: 18 19 1 38 1 82 5 90 9 124 1 136 9 214 2 216 4 217 1 222 1 231 1 240 3 266 2 299 1 300 1 343 1 352 3 386 1
14: 21 6 2 57 3 61 1 68 1 81 1 107 4 153 1 161 1 174 1 197 1 207 1 214 4 223 2 240 1 246 11 271 1 288 1 295 1 299 2 308 1 394 1
15: 3 28 8 144 16 299 14
16: 8 19 1 25 1 56 2 105 4 184 1 195 2 216 2 264 1
17: 9 100 1 116 3 124 1 147 1 190 5 206 2 299 8 343 2 380 7
18: 42 0 16 36 3 37 1 39 1 43 1 55 1 67 2 82 1 97 1 101 6 111 1 124 4 125 1 134 1 140 2 151 1 161 2 164 1 194 1 195 2 201 1 216 3 220 2 224 1 225 1 226 1 266 1 278 6 284 1 298 1 299 2 301 1 305 1 323 1 339 2 343 3 352 1 365 1 374 1 378 1 390 1 395 4
19: 30 3 1 5 4 13 1 26 1 55 1 84 1 93 2 94 1 107 1 124 9 136 2 161 6 189 1 190 14 195 2 216 6 272 1 279 2 280 2 299 1 313 1 322 1 331 1 342 1 354 1 356 1 380 2 388 3 399 1 402 1
20: 12 24 15 27 21 51 1 75 4 124 2 132 11 232 15 246 15 297 8 318 1 362 4 396 8
21: 24 20 4 40 3 45 2 46 2 66 1 84 1 93 1 105 4 112 2 139 1 141 1 161 2 171 1 174 2 190 10 214 3 216 2 220 1 249 2 299 1 321 2 340 1 352 2 382 2
22: 9 18 1 54 1 64 1 81 1 92 3 161 1 215 1 288 1 410 1
23: 6 97 7 134 7 161 5 299 9 352 4 368 2
24: 27 35 1 41 11 68 1 96 4 130 1 141 1 158 1 161 4 167 22 195 1 206 1 216 6 219 2 225 6 240 1 249 3 294 1 302 5 310 4 315 3 324 1 327 1 353 1 365 1 375 4 380 7 388 1
25: 27 13 1 20 2 26 1 38 2 59 2 117 1 125 1 129 2 134 2 146 1 153 1 189 1 195 2 213 1 216 6 233 3 279 1 286 1 299 1 320 1 321 1 327 1 332 3 341 1 342 1 358 1 380 2
26: 12 27 14 75 8 122 1 132 18 169 3 176 1 179 4 196 5 232 10 241 1 242 1 285 2
27: 1 78 2
28: 19 50 2 65 1 83 2 85 1 107 6 124 3 136 2 187 1 189 1 206 1 214 1 252 1 268 7 269 1 296 1 299 2 303 1 334 1 381 1
29: 2 116 1 299 81
30: 1 260 5
31: 3 28 2 266 2 299 7
32: 33 56 2 59 1 65 1 107 1 124 2 126 1 131 1 145 1 161 2 167 11 184 1 189 1 195 1 212 1 214 3 216 1 225 1 231 2 243 1 286 1 295 4 299 1 312 1 316 1 321 1 333 1 343 1 355 1 357 2 358 1 378 1 380 2 385 8
33: 6 27 33 75 2 196 1 232 24 297 1 362 2
34: 18 80 3 88 1 105 1 139 2 158 1 161 5 166 2 204 2 216 1 227 2 238 1 240 2 277 1 299 2 321 4 350 1 387 1 398 2
35: 22 1 1 8 1 38 1 59 1 98 1 105 5 108 1 142 2 174 3 188 1 190 15 193 12 214 1 246 13 250 1 270 1 280 1 308 1 313 2 326 1 388 1 391 4
36: 1 265 1
37: 3 107 5 299 7 360 1
38: 7 73 2 106 1 149 1 154 1 156 1 185 3 255 3
39: 12 14 1 31 1 33 1 152 2 186 1 230 3 260 2 291 2 306 1 325 1 397 1 405 1
40: 20 47 1 105 2 107 2 108 1 195 3 215 1 238 2 240 1 246 3 252 1 267 2 279 1 289 1 294 1 295 1 299 1 341 1 380 4 388 3 402 1
41: 13 41 15 79 1 92 3 195 2 199 1 216 1 238 1 269 1 277 1 295 2 299 3 343 2 359 1
42: 10 66 2 105 4 107 11 116 3 135 6 194 18 295 6 299 16 368 1 380 11
43: 33 5 2 20 4 63 7 82 3 88 3 90 1 92 4 96 5 100 1 103 1 107 2 124 3 131 1 161 2 184 1 194 7 195 1 216 1 220 2 222 1 258 1 266 1 272 1 278 3 299 1 343 2 344 1 345 1 368 1 375 1 376 1 380 1 395 4
44: 32 4 1 5 4 12 1 15 1 21 1 65 1 84 4 88 1 90 1 105 1 107 1 119 1 130 1 194 1 195 1 196 6 213 1 216 1 228 1 229 1 236 1 252 4 262 1 264 1 292 3 299 1 321 1 343 1 358 1 360 11 385 20 388 2
45: 19 3 1 13 1 45 2 134 3 161 2 195 2 214 2 233 13 235 3 240 2 251 1 293 1 294 1 295 2 299 2 324 2 347 1 352 9 388 1
46: 4 46 3 66 2 127 6 380 3
47: 7 100 1 105 1 107 6 185 23 295 4 299 6 380 17
48: 30 8 4 20 13 28 1 40 3 56 1 68 1 82 5 93 1 95 1 97 3 124 2 129 1 130 1 150 8 181 2 189 3 190 3 195 1 216 2 223 1 264 1 270 1 295 3 299 1 317 1 327 1 330 3 338 2 388 2 404 1
49: 19 5 3 17 1 29 3 38 2 76 1 109 1 119 3 124 7 155 1 181 2 194 22 223 2 231 1 239 3 248 1 263 1 299 1 342 3 388 3
50: 1 104 60
51: 22 2 1 8 3 11 1 23 1 82 1 96 2 98 1 102 1 105 1 119 1 125 4 184 3 189 1 190 7 195 5 206 1 209 1 272 1 299 1 303 2 304 1 343 1
52: 4 144 6 281 1 346 2 370 3
53: 13 1 1 4 1 55 1 80 6 123 1 170 1 172 9 238 2 254 2 287 1 295 1 328 2 334 1
54: 10 88 1 105 3 107 12 124 32 161 4 185 5 194 16 299 4 380 28 391 2
55: 26 13 4 36 7 49 1 92 1 101 3 105 2 124 3 160 2 165 1 181 2 195 7 216 2 225 6 240 1 286 4 299 2 313 1 328 1 339 2 343 2 352 2 357 1 381 1 385 7 389 1 403 1
56: 15 40 6 74 1 90 4 195 1 216 5 231 3 243 2 280 1 299 1 321 1 341 1 352 2 358 1 390 1 394 1
57: 3 104 60 281 17 364 1
58: 18 21 1 23 1 46 5 72 1 105 1 161 9 173 2 190 3 214 4 218 1 271 1 299 1 313 1 330 2 333 3 334 1 363 1 410 1
59: 2 78 1 345 1
60: 8 38 1 66 1 92 4 107 1 111 1 172 6 275 1 380 8
61: 10 36 9 105 3 107 5 113 13 161 17 167 1 194 14 295 1 299 3 368 2
62: 28 13 1 20 2 82 5 101 5 105 1 128 1 131 8 134 1 143 2 148 4 161 2 181 1 195 1 206 1 208 1 209 1 216 3 245 1 280 1 286 1 292 1 310 8 352 2 366 1 377 1 380 4 388 3 400 1
63: 35 2 2 10 2 40 2 87 1 88 2 103 4 109 1 127 1 158 1 161 2 195 2 216 1 220 1 237 1 239 1 244 1 248 1 266 2 286 1 299 1 305 1 319 3 327 3 329 1 341 1 342 1 343 1 352 1 368 2 380 1 385 9 388 4 389 1 404 1 407 1
64: 11 27 12 75 13 124 9 132 28 169 10 202 7 232 10 246 16 318 1 375 1 396 7
65: 1 28 1
66: 19 5 4 65 1 93 4 96 3 105 1 161 2 213 1 214 2 216 4 246 6 286 1 299 4 308 1 314 3 326 1 327 1 336 1 365 1 368 1
67: 3 195 1 205 1 371 1
68: 3 110 6 118 1 186 1
69: 5 42 1 91 7 266 1 299 8 313 3
70: 12 28 1 41 4 105 2 107 8 138 1 158 1 234 2 250 1 283 2 343 4 352 5 404 1
71: 32 5 3 23 1 30 1 53 1 66 1 82 3 84 1 89 1 90 6 92 7 124 2 157 1 158 3 161 3 177 2 184 1 195 1 203 1 216 5 249 8 259 3 299 1 324 1 327 1 338 1 360 1 376 2 378 1 385 3 388 2 395 9 401 1
72: 13 27 10 124 1 132 10 169 1 183 1 196 2 202 1 232 3 241 1 246 45 285 2 375 1 385 6
73: 24 40 3 63 15 107 3 109 3 134 3 146 1 173 2 184 1 192 3 195 2 221 1 223 1 257 1 267 1 294 2 299 1 307 2 311 1 322 1 330 2 344 1 352 1 375 2 388 2
74: 1 368 1
75: 23 5 1 34 1 38 1 56 2 60 1 92 4 107 3 117 1 161 4 172 8 175 3 179 5 196 1 214 4 215 1 256 1 287 1 296 1 299 2 327 3 336 1 390 5 409 1
76: 2 42 1 345 1
77: 5 77 1 135 3 195 7 299 9 345 1
78: 5 144 1 180 1 274 3 337 1 383 1
79: 24 15 1 82 1 92 2 99 1 130 1 134 2 190 5 195 1 198 1 216 1 217 1 225 3 240 2 270 7 299 1 301 1 334 1 352 1 354 1 359 2 372 1 385 5 388 1 394 1
80: 20 80 4 92 6 105 3 124 2 162 1 168 1 174 3 178 1 190 6 191 1 203 4 210 3 216 4 258 1 282 1 295 2 299 2 360 9 388 1 406 1
81: 1 220 9
82: 27 29 3 48 3 59 2 69 1 105 4 119 3 124 3 126 1 127 6 161 2 189 2 206 1 228 2 252 7 254 1 273 2 276 3 283 1 290 1 303 4 326 1 335 3 343 1 349 1 379 1 382 3 390 4

Limite Inferior e Limite Superior:
54 175
