idAccess: 98
itensDePedidosAtendidos: 41, 109, 115, 208, 265, 272, 354, 407, 421, 443, 461, 549, 585, 639, 680, 692, 745, 768, 803, 874, 918, 928, 930, 995, 1012, 1031, 1164, 1195, 1212, 1222, 1278, 1395, 1406, 1434, 1441, 1483, 1500, 1616, 1687, 1698, 1699, 1866, 1867, 1881, 1969, 1978, 1995, 2078, 2177, 2186, 2249, 2265, 2286, 2296, 2300, 2437, 2493, 2500, 2526, 2542, 2584, 2596, 2597, 2730, 2772, 2781, 2801, 2809, 2876, 2930, 2966, 3055, 3092, 3173, 3184, 3198, 3234, 3246, 3247, 3369, 3476, 3500, 3502, 3504, 3587, 3631, 3742, 3761, 3798, 3838, 3893, 3924, 3990, 4004, 4035, 4134, 4181, 4194, 4333, 4355, 4395, 4405, 4408, 4445, 4524, 4613, 4616, 4653, 4712, 4724, 4743, 4824, 4847, 4923, 4972, 4987, 5147, 5233, 5247, 5310, 5401, 5446, 5544, 5589, 5615, 5617, 5626, 5725, 5737, 5778, 5813, 5851, 5852, 5970, 6049, 6065, 6073, 6094, 6103, 6143, 6156, 6199, 6253, 6259, 6324, 6326, 6331, 6417, 6479, 6566, 6669, 6815, 6832, 6872, 6994, 7011, 7019, 7073, 7096, 7100, 7198, 7264, 7338, 7345, 7530, 7532, 7564, 7612, 7656, 7704, 7781, 7782, 7876, 7881, 7902, 7912, 7950, 8006, 8074, 8206, 8231, 8252, 8315, 8322, 8328, 8368, 8387, 8411, 8436, 8477, 8536, 8546, 8558, 8599, 8602, 8816, 8841, 8912, 8955, 8978, 8996, 9011, 9022, 9088, 9111, 9189, 9292, 9353, 9379, 9381, 9443, 9542, 9559, 9568, 9824, 10010, 10015, 10027, 10088, 10232, 10257, 10286, 10302, 10305, 10331, 10345, 10391, 10415, 10466, 10590, 10611, 10642, 10708, 10773, 10801, 10825, 10832, 10900, 10941
pedidosAtendidos: 1, 2562, 9729, 1028, 9225, 8715, 8204, 11792, 12307, 6676, 533, 12309, 1049, 11801, 542, 10784, 2084, 1573, 2599, 9255, 11304, 4139, 4651, 3120, 1073, 2609, 5172, 4661, 9268, 9789, 2111, 4673, 8257, 10817, 5188, 3144, 11848, 75, 3660, 3154, 3155, 5203, 1109, 2133, 11350, 12376, 5724, 2142, 3166, 12386, 5733, 6245, 7269, 8805, 6249, 9319, 5229, 7789, 5231, 624, 2160, 8819, 6772, 2678, 6262, 5112, 7798, 9334, 3707, 8315, 8322, 8323, 7302, 1160, 3208, 7305, 4235, 10379, 1681, 9873, 4243, 2196, 8854, 7320, 1689, 8350, 674, 1701, 1703, 3752, 4263, 1715, 11956, 694, 3766, 1720, 5305, 9398, 4283, 4795, 9919, 10433, 7362, 2756, 7877, 4296, 4297, 11467, 2772, 5845, 11478, 6360, 5337, 10458, 5862, 8422, 6377, 5355, 7916, 7405, 1774, 3310, 9454, 10989, 12016, 6393, 251, 257, 4867, 2826, 11021, 782, 2831, 4366, 5390, 787, 2324, 6420, 6932, 5912, 8473, 2331, 1311, 4384, 5413, 5931, 1324, 3884, 4396, 2863, 5423, 12079, 4917, 310, 1335, 2359, 6968, 4410, 8507, 9017, 10553, 321, 8005, 1862, 2886, 5447, 4937, 10568, 3403, 5963, 2381, 846, 3406, 9037, 9041, 9552, 12114, 9045, 854, 2902, 9559, 11094, 859, 1889, 866, 3939, 9057, 3430, 3942, 1384, 3432, 3433, 9064, 3442, 8567, 2936, 7033, 10106, 8060, 1407, 7552, 897, 11136, 5509, 2441, 5002, 1931, 3468, 9610, 9611, 3471, 10130, 2452, 7060, 1432, 10137, 6558, 9119, 6049, 1443, 2468, 938, 4010, 11690, 1965, 1966, 9646, 8115, 2484, 2997, 6073, 7609, 4029, 1470, 3007, 4546, 5570, 1990, 11211, 972, 7633, 8147, 3542, 7638, 5080, 9178, 3548, 8673, 6627, 2532, 9189, 6630, 7655, 11236, 12262, 2543, 3056, 7155, 8692, 4600
totalUnidades: 274
score: 274.0
Tempo gasto para construir o RSO: 41.5251407000178

Heuristica
Score: 55.905797101449274
Tempo: 3.6510531999811064

Heuristica Refinamento
Score: 60.4296875
Tempo: 4.704416399996262
