idAccess: 10, 386, 27
itensDePedidosAtendidos: 69, 124, 131, 151, 191, 248, 259, 437, 454, 529, 532, 616, 661, 665, 677, 777, 778, 797, 826, 831, 834, 843, 890, 985, 1074, 1085, 1120, 1164, 1292, 1323, 1403, 1454, 1520, 1532, 1701, 1746, 1757, 1759, 1810, 1835, 1873, 1917, 1926, 2023, 2028, 2029, 2101, 2169, 2253, 2273, 2276, 2376, 2410, 2411, 2426, 2520, 2528, 2680, 2687, 2737, 2758, 2843, 2848, 2898, 2942, 2947, 2965, 2991, 3007, 3049, 3211, 3227, 3240, 3246, 3295, 3402, 3450, 3464, 3486, 3495, 3599, 3651, 3653, 3665, 3679, 3699, 3712, 3718, 3764, 3766, 3810, 3828, 3902, 3972, 3991, 4011, 4035, 4094, 4122, 4191, 4283, 4326, 4361, 4402, 4667, 4689, 4727, 4747, 4798, 4800, 4848, 4951, 4959, 4969, 5000, 5050, 5093, 5097, 5105, 5164, 5169, 5189, 5317, 5339, 5382, 5479, 5527, 5576, 5577, 5578, 5585, 5641, 5824, 6058, 6085, 6100, 6143, 6158, 6205, 6325, 6345, 6418, 6444, 6462, 6573, 136, 153, 202, 225, 303, 473, 519, 525, 671, 673, 685, 753, 762, 853, 854, 900, 945, 1033, 1135, 1141, 1222, 1228, 1266, 1344, 1491, 1572, 1615, 1643, 1644, 1649, 1660, 1695, 1735, 1900, 1943, 2060, 2095, 2174, 2221, 2301, 2341, 2344, 2350, 2420, 2439, 2512, 2599, 2620, 2648, 2792, 2826, 2853, 2868, 2899, 2901, 2954, 3012, 3109, 3166, 3243, 3254, 3391, 3467, 3564, 3570, 3629, 3632, 3826, 3924, 3993, 4081, 4110, 4138, 4242, 4268, 4287, 4327, 4363, 4381, 4416, 4546, 4581, 4629, 4652, 4723, 4801, 4841, 4880, 4881, 4946, 4948, 4954, 5007, 5030, 5034, 5110, 5202, 5242, 5255, 5306, 5334, 5371, 5393, 5403, 5529, 5692, 5859, 6016, 6120, 6136, 6151, 6338, 6405, 6424, 6468, 6482, 6495, 6508, 6562, 6594, 79, 96, 165, 266, 294, 322, 406, 546, 560, 578, 739, 766, 870, 911, 1043, 1066, 1101, 1272, 1393, 1466, 1730, 1773, 1784, 1785, 1877, 2098, 2207, 2231, 2254, 2529, 2584, 2688, 2691, 2860, 2902, 2948, 2999, 3016, 3122, 3146, 3202, 3283, 3343, 3458, 3584, 3650, 3696, 3704, 3865, 3886, 3919, 4309, 4353, 4378, 4418, 4510, 4527, 4587, 4715, 4725, 4749, 4751, 4761, 4844, 4905, 4988, 5037, 5058, 5079, 5101, 5111, 5211, 5264, 5269, 5314, 5315, 5375, 5453, 5501, 5566, 5652, 5666, 5735, 5818, 5875, 5890, 5939, 6155, 6167, 6182, 6273, 6311, 6320, 6333, 6347, 6401, 6536, 6552, 6556
pedidosAtendidos: 1, 6147, 4107, 6159, 16, 4112, 20, 2068, 2076, 6173, 41, 44, 2093, 52, 2105, 2122, 78, 80, 6224, 4181, 2137, 6246, 109, 6262, 2171, 2180, 135, 2184, 4231, 4237, 153, 2201, 4254, 6315, 4269, 188, 4290, 2245, 2249, 204, 6348, 4305, 6366, 2271, 4321, 228, 2285, 4336, 4338, 250, 4349, 6406, 4359, 4365, 270, 2323, 2324, 4374, 4379, 294, 2343, 299, 2349, 2353, 4403, 6456, 316, 6462, 6477, 338, 4439, 360, 362, 364, 4462, 6511, 4467, 6530, 4484, 4489, 6538, 4492, 6540, 410, 414, 415, 6558, 4515, 4521, 2474, 6571, 4529, 4530, 6580, 2490, 4554, 6610, 4564, 4569, 474, 4573, 6622, 6633, 497, 2548, 6648, 6652, 4605, 6663, 4627, 535, 536, 4636, 6686, 4642, 2595, 551, 2599, 4649, 4657, 6706, 4660, 4665, 2624, 4673, 6720, 6725, 584, 6731, 595, 6739, 2648, 608, 620, 4717, 4722, 2681, 6778, 4742, 6801, 2707, 674, 2736, 6837, 4801, 2759, 717, 719, 723, 729, 6873, 6876, 735, 740, 741, 742, 2791, 749, 6895, 2801, 6904, 2820, 4869, 4873, 780, 2831, 6938, 799, 4906, 811, 6956, 4912, 823, 6976, 833, 4932, 2897, 858, 7004, 7013, 870, 4969, 2929, 883, 2938, 895, 4999, 7057, 915, 918, 7062, 2970, 5025, 5027, 2986, 3006, 5056, 961, 5067, 980, 983, 7138, 7141, 5105, 1015, 3067, 1020, 5123, 1028, 1029, 1032, 7178, 7185, 7188, 7189, 5147, 5155, 5162, 5163, 5166, 5169, 1075, 5177, 3131, 1086, 1094, 3142, 5195, 7248, 5205, 3159, 1112, 3170, 3189, 7286, 7288, 7289, 7296, 3201, 1167, 5265, 7314, 1182, 7327, 7330, 3239, 3240, 1198, 1204, 1211, 5307, 7355, 7356, 5312, 5323, 1250, 1255, 3308, 1269, 1282, 5389, 5390, 1296, 5393, 3355, 3360, 1315, 3368, 5423, 3376, 1354, 3402, 5451, 5453, 3410, 5463, 5478, 3446, 5494, 5503, 1422, 1429, 5525, 3479, 5532, 3488, 3495, 5548, 3505, 1463, 3524, 3538, 5594, 1503, 5606, 3562, 5623, 1528, 5625, 3578, 1535, 1541, 3593, 3602, 3603, 3612, 3615, 1573, 3622, 3632, 5682, 5688, 1597, 3650, 1605, 3658, 1642, 3695, 1648, 5748, 3702, 3703, 3713, 5772, 1677, 3727, 5778, 3738, 1699, 3760, 3772, 1727, 3775, 5837, 3791, 1745, 1761, 5857, 5859, 3814, 1768, 3818, 1771, 5867, 3821, 1789, 3839, 5890, 1804, 1807, 5904, 3860, 3869, 1822, 3877, 5926, 1839, 5945, 5953, 5982, 3935, 3937, 1903, 3960, 3961, 3970, 1923, 1940, 6038, 6048, 4004, 6058, 6059, 4014, 6074, 1986, 1987, 4036, 2013, 6129, 6138, 4094
totalUnidades: 440
score: 146.66666666666666
Tempo gasto para construir o RSO: 130.56542460003402

Heuristica
Score: 45.6375
Tempo: 0.3871565000154078

Heuristica Refinamento
Score: 49.58108108108108
Tempo: 0.7708299999358132
