Pedidos:
0: 3 133 2 269 2 336 1
1: 3 35 1 49 1 275 1
2: 3 44 1 131 1 293 1
3: 4 71 1 153 1 210 1 238 1
4: 3 190 1 214 1 312 1
5: 2 167 1 193 1
6: 2 88 1 329 1
7: 3 137 1 236 1 268 6
8: 2 26 1 265 1
9: 2 297 1 335 1
10: 2 0 1 262 1
11: 3 22 1 96 1 185 1
12: 2 65 1 202 1
13: 2 154 1 281 1
14: 5 39 1 145 1 186 1 201 1 299 1
15: 1 134 3
16: 2 183 1 233 1
17: 2 232 1 240 1
18: 4 47 1 66 1 130 1 318 1
19: 2 229 3 311 1
20: 2 27 1 235 1
21: 2 7 1 255 1
22: 3 25 3 54 4 77 6
23: 2 239 1 264 1
24: 3 170 4 184 1 215 1
25: 2 30 2 99 1
26: 2 141 1 195 1
27: 1 86 2
28: 2 91 1 212 6
29: 5 100 3 155 2 273 1 279 1 320 1
30: 5 15 1 109 1 244 1 258 1 316 1
31: 4 85 1 181 1 200 1 231 2
32: 2 46 1 280 1
33: 2 104 1 199 1
34: 1 219 3
35: 2 105 1 150 1
36: 2 59 1 282 1
37: 2 68 1 327 1
38: 1 110 4
39: 3 28 1 33 1 298 1
40: 2 246 1 254 1
41: 2 17 1 58 1
42: 2 129 1 333 1
43: 3 40 1 101 1 111 1
44: 3 38 1 295 2 319 3
45: 3 42 1 92 1 247 1
46: 2 243 1 290 1
47: 1 95 2
48: 14 18 2 29 2 55 1 90 2 102 2 124 2 127 2 174 2 188 2 221 2 256 1 272 2 302 2 331 2
49: 2 194 1 296 1
50: 4 149 1 237 1 260 1 284 1
51: 2 13 1 332 1
52: 3 128 2 271 1 317 2
53: 5 6 1 23 1 78 1 140 1 171 1
54: 2 76 1 160 1
55: 2 217 1 315 1
56: 3 21 1 207 1 278 1
57: 2 285 1 307 1
58: 4 34 1 97 1 136 1 276 2
59: 4 10 1 83 1 118 1 230 1
60: 3 152 1 166 1 213 1
61: 2 93 2 277 10
62: 3 122 1 204 1 274 2
63: 2 72 1 309 1
64: 1 305 2
65: 4 53 1 189 1 292 1 322 1
66: 8 8 2 12 2 43 1 48 1 67 1 70 1 142 1 252 2
67: 2 51 1 165 1
68: 1 283 2
69: 2 108 2 227 1
70: 6 1 1 98 1 147 1 179 1 182 2 270 1
71: 3 20 1 135 1 324 1
72: 2 313 1 334 1
73: 2 168 1 178 1
74: 2 117 1 151 1
75: 6 113 1 121 1 138 1 208 1 301 1 314 1
76: 3 30 2 32 1 176 1
77: 2 4 1 31 1
78: 2 115 1 177 1
79: 3 64 1 116 1 300 1
80: 4 24 1 63 1 192 1 209 1
81: 2 75 2 226 2
82: 2 56 1 278 1
83: 2 294 1 306 1
84: 2 112 1 205 1
85: 3 52 9 114 2 228 2
86: 2 218 16 228 3
87: 2 164 1 308 1
88: 5 36 1 148 1 180 1 220 1 241 1
89: 1 114 13
90: 5 60 1 73 1 172 1 222 1 291 1
91: 1 94 2
92: 3 74 1 146 1 267 1
93: 2 80 1 287 2
94: 2 161 1 257 1
95: 3 2 1 125 1 126 1
96: 2 61 1 249 1
97: 2 52 2 228 11
98: 2 37 1 169 1
99: 2 175 1 234 1
100: 2 132 1 173 1
101: 2 82 8 89 2
102: 1 84 3
103: 2 85 1 248 1
104: 2 263 6 310 1
105: 2 119 1 303 2
106: 4 3 1 11 1 106 1 253 1
107: 1 62 2
108: 3 163 2 206 1 224 1
109: 2 57 1 328 1
110: 3 14 3 50 1 87 1
111: 5 197 1 216 1 245 1 259 1 261 1
112: 3 85 1 191 1 248 3
113: 2 79 1 187 1
114: 2 5 1 166 1
115: 3 9 1 81 1 123 1
116: 1 54 2
117: 3 85 1 181 1 191 3
118: 2 19 1 288 1
119: 2 157 3 250 1
120: 2 69 1 162 1
121: 3 41 1 251 1 321 1
122: 4 120 1 198 1 223 3 286 1
123: 1 323 10
124: 2 144 1 156 1
125: 2 16 1 103 1
126: 3 45 1 139 3 242 2
127: 2 159 1 211 1
128: 3 266 1 325 1 326 1
129: 3 143 1 225 1 330 1
130: 2 289 1 304 1
131: 2 196 1 203 1
132: 2 107 1 158 2

Corredores:
0: 6 9 2 113 1 166 28 244 1 280 1 282 1
1: 8 15 9 39 3 62 2 109 2 225 2 280 1 297 2 299 3
2: 6 40 2 147 2 150 11 166 5 178 1 256 3
3: 7 76 1 101 5 129 31 166 5 199 38 294 1 319 2
4: 5 6 6 19 2 62 1 168 1 326 8
5: 4 80 3 282 7 290 1 299 3
6: 2 101 5 123 2
7: 1 258 4
8: 3 55 1 90 5 272 2
9: 2 184 35 273 1
10: 1 315 13
11: 4 111 2 120 1 230 2 318 3
12: 3 178 2 196 2 332 2
13: 1 94 14
14: 4 27 1 87 7 101 3 138 10
15: 6 39 1 158 1 166 16 199 9 210 1 305 1
16: 8 49 1 73 4 166 6 199 11 201 8 297 2 299 6 332 3
17: 2 121 8 326 10
18: 5 7 10 60 3 80 9 199 2 299 2
19: 9 8 2 34 5 85 1 114 1 142 1 192 2 200 2 226 2 252 1
20: 8 43 2 103 13 108 1 191 2 227 5 248 1 312 10 336 6
21: 9 85 5 99 33 108 4 136 2 192 1 227 1 269 1 270 1 312 10
22: 2 19 4 187 1
23: 5 35 1 54 3 81 1 199 6 323 1
24: 1 110 3
25: 1 94 1
26: 4 3 1 121 11 166 2 188 5
27: 3 7 7 120 2 201 1
28: 5 36 1 56 4 120 4 157 3 178 1
29: 5 125 1 166 12 167 6 238 6 314 13
30: 11 7 18 11 2 36 3 80 2 211 1 214 1 232 15 297 1 299 1 326 1 333 1
31: 16 30 1 32 1 48 2 75 2 82 6 99 15 103 23 114 5 119 1 183 5 191 1 218 1 226 4 248 3 270 1 276 1
32: 4 35 2 147 2 201 8 207 1
33: 5 145 10 153 1 199 15 249 2 280 2
34: 2 187 1 233 1
35: 6 6 1 105 1 199 35 301 2 326 1 332 1
36: 2 118 10 314 1
37: 3 134 2 166 6 280 1
38: 3 138 32 220 2 275 3
39: 1 82 1
40: 3 94 10 95 4 213 8
41: 9 7 9 19 4 56 1 134 10 157 1 204 8 297 1 299 1 326 3
42: 5 7 14 10 2 78 1 147 6 166 12
43: 5 11 2 76 1 145 15 156 2 158 1
44: 2 167 1 287 18
45: 7 6 11 7 1 39 1 105 1 175 2 238 3 326 2
46: 6 39 1 137 1 185 1 193 1 199 31 282 23
47: 6 53 1 101 3 121 7 207 1 210 7 325 2
48: 4 120 1 158 2 210 7 258 2
49: 8 41 2 124 2 127 1 221 1 251 26 262 1 321 3 331 64
50: 2 149 4 321 29
51: 1 184 19
52: 4 237 4 251 36 272 1 321 3
53: 5 14 15 39 1 54 3 289 4 309 1
54: 4 121 1 158 3 250 38 265 3
55: 2 94 11 329 1
56: 5 62 1 166 6 199 2 257 1 332 2
57: 2 104 1 205 1
58: 5 150 15 166 17 199 2 278 7 299 5
59: 4 201 12 280 1 299 3 326 4
60: 14 8 6 16 2 43 1 99 40 103 1 108 2 133 1 191 1 227 4 248 5 270 1 312 24 334 1 336 5
61: 8 32 1 99 1 108 3 128 1 165 1 206 1 303 10 312 4
62: 5 82 3 114 1 195 3 226 2 313 1
63: 10 85 1 108 1 114 1 142 6 169 2 183 4 191 4 203 4 227 14 312 11
64: 3 13 3 19 1 58 1
65: 4 39 2 74 3 92 1 199 2
66: 1 267 1
67: 1 268 1
68: 6 7 9 84 2 109 1 201 2 240 1 301 1
69: 5 7 24 54 1 129 3 157 2 205 1
70: 3 18 3 166 4 167 4
71: 2 39 2 158 4
72: 2 3 3 199 25
73: 4 7 28 150 3 299 2 326 1
74: 4 33 2 113 1 138 1 154 1
75: 3 180 2 199 36 332 1
76: 6 6 1 19 1 57 2 120 1 150 1 187 4
77: 1 6 10
78: 6 31 15 129 7 199 27 239 2 258 4 282 3
79: 3 106 1 172 2 264 2
80: 3 205 1 277 4 280 1
81: 9 7 3 20 3 39 1 62 1 157 2 179 1 268 1 326 1 332 1
82: 3 25 6 77 1 324 1
83: 5 101 3 166 16 193 1 264 2 278 10
84: 7 117 1 150 60 157 3 186 2 265 1 297 1 299 3
85: 6 3 1 6 39 18 2 39 2 189 1 299 4
86: 4 4 2 74 3 166 9 280 1
87: 2 201 20 278 8
88: 1 222 2
89: 2 0 1 90 11
90: 2 35 2 45 1
91: 5 41 6 260 11 284 2 321 35 331 50
92: 6 174 2 221 1 237 7 302 2 310 1 315 1
93: 5 42 1 92 1 153 2 185 1 235 1
94: 4 171 1 179 1 211 1 280 2
95: 1 94 1
96: 1 94 1
97: 6 33 2 101 7 116 1 180 1 214 1 229 6
98: 10 39 2 101 2 166 26 167 1 178 3 225 1 268 7 277 3 293 1 332 1
99: 4 62 1 83 1 201 6 241 1
100: 5 143 7 150 9 199 19 201 5 299 3
101: 8 12 3 16 1 51 6 67 1 99 3 114 12 228 7 303 20
102: 9 30 24 108 2 114 2 155 15 173 2 191 1 226 15 312 24 320 2
103: 8 37 1 70 2 103 1 108 4 176 3 191 2 270 1 312 24
104: 8 52 1 70 1 100 1 108 4 114 12 183 5 191 3 195 1
105: 2 13 13 79 8
106: 4 11 1 77 1 166 12 238 10
107: 6 64 1 107 2 110 10 199 5 253 3 254 1
108: 1 182 1
109: 1 46 5
110: 6 11 6 19 7 106 2 166 1 168 2 332 4
111: 2 14 16 157 2
112: 4 15 9 167 1 201 2 283 1
113: 4 145 8 207 3 258 1 280 2
114: 7 7 11 36 1 134 1 222 4 245 1 258 1 265 1
115: 2 113 2 283 1
116: 3 166 18 199 40 278 3
117: 2 171 1 250 2
118: 3 120 1 150 2 233 1
119: 6 5 6 190 1 216 1 245 1 259 1 261 1
120: 6 6 1 7 2 11 1 80 1 297 1 326 7
121: 3 62 1 148 9 166 4
122: 4 138 3 199 30 211 1 230 1
123: 3 181 11 191 4 231 10
124: 10 7 5 17 1 36 3 56 2 157 1 225 2 297 2 300 26 301 1 326 5
125: 3 180 1 199 25 253 2
126: 1 278 11
127: 5 10 5 144 1 162 2 167 1 230 1
128: 5 15 5 36 1 91 1 297 1 326 6
129: 5 60 15 130 2 170 10 314 2 316 3
130: 6 145 4 158 3 193 1 199 48 265 1 308 1
131: 3 25 1 180 1 215 2
132: 9 29 3 102 3 124 2 127 3 202 1 251 4 310 13 315 34 321 108
133: 2 88 1 316 1
134: 2 251 35 310 4
135: 1 77 1
136: 4 199 29 246 2 282 10 325 1
137: 4 62 1 86 1 94 13 245 5
138: 4 98 1 157 7 305 2 326 6
139: 3 139 1 280 1 296 1
140: 2 199 12 297 1
141: 1 278 5
142: 12 30 10 99 4 103 40 108 1 176 1 183 3 191 4 219 1 270 2 312 22 320 1 336 2
143: 11 30 24 63 1 67 1 108 2 114 12 119 1 183 1 191 1 195 1 252 1 270 1
144: 7 32 1 99 5 108 3 114 12 206 1 228 5 270 1
145: 10 43 1 89 2 99 12 100 1 103 13 108 2 176 11 191 1 206 1 269 1
146: 3 79 6 233 2 328 4
147: 4 39 2 106 3 264 6 306 1
148: 4 123 1 153 2 199 28 280 2
149: 2 194 1 246 1
150: 2 46 8 62 1
151: 8 7 32 10 1 36 1 109 1 113 3 297 1 304 3 326 1
152: 6 21 1 39 1 207 3 268 1 280 1 286 2
153: 3 60 2 166 9 238 1
154: 3 98 19 145 2 299 5
155: 5 3 5 6 6 11 3 98 4 201 7
156: 5 11 3 102 2 134 1 199 6 201 12
157: 3 158 2 199 10 261 1
158: 2 166 17 277 4
159: 8 6 3 56 1 71 1 137 2 204 6 261 1 314 1 326 2
160: 6 38 1 39 2 62 1 135 6 166 6 294 1
161: 3 46 4 138 12 159 1
162: 1 263 3
163: 1 94 17
164: 6 7 15 10 2 111 1 212 3 265 2 297 4
165: 6 21 1 91 1 120 1 199 1 280 1 291 1
166: 6 10 1 62 1 72 1 287 1 299 3 326 1
167: 5 39 1 101 5 246 1 280 1 294 1
168: 6 109 15 110 2 166 4 199 17 225 4 286 1
169: 2 147 5 194 1
170: 5 29 2 127 12 202 1 217 2 251 13
171: 3 50 1 101 3 170 6
172: 3 129 6 199 25 280 1
173: 1 223 2
174: 5 74 2 106 1 145 5 196 1 255 1
175: 5 138 3 247 3 278 4 280 1 314 4
176: 2 62 1 94 1
177: 3 7 5 166 31 253 3
178: 6 7 20 121 1 122 2 137 1 297 1 326 4
179: 5 27 1 39 1 166 14 280 1 314 3
180: 4 86 1 154 3 156 3 166 17
181: 11 24 1 30 1 43 4 52 3 85 5 108 3 114 10 191 1 195 1 226 1 248 4
182: 8 30 1 82 3 99 14 108 4 119 2 141 1 218 3 312 24
183: 2 56 1 232 4
184: 7 99 5 108 4 200 1 226 11 227 7 270 1 312 6
185: 3 19 30 79 5 233 4
186: 5 4 2 39 1 166 22 257 1 278 3
187: 5 36 2 171 3 225 1 277 12 332 2
188: 5 110 4 153 1 158 2 168 1 280 1
189: 1 62 1
190: 11 7 1 86 1 109 1 158 1 196 3 210 1 245 1 250 2 282 1 299 1 326 1
191: 2 35 2 166 3
192: 5 83 1 91 1 138 2 167 4 238 1
193: 6 166 2 208 2 234 6 238 3 258 1 297 1
194: 5 6 6 39 2 61 3 135 2 335 3
195: 4 39 1 145 10 158 1 254 1
196: 3 225 2 307 2 314 3
197: 1 230 2
198: 7 6 15 7 14 54 1 56 1 294 1 295 2 326 1
199: 4 28 1 31 6 199 14 332 6
200: 3 62 1 207 2 319 1
201: 2 94 34 164 4
202: 6 7 20 84 4 157 3 299 5 326 3 333 1
203: 3 27 1 39 1 138 1
204: 5 158 2 166 1 199 25 211 1 278 4
205: 6 166 13 167 1 250 5 299 5 314 1 323 3
206: 8 6 2 7 2 182 1 199 39 249 3 299 3 301 1 326 1
207: 3 77 1 217 3 223 9
208: 3 179 1 268 2 280 1
209: 2 201 3 223 5
210: 6 3 3 49 1 81 1 153 1 158 2 199 3
211: 2 140 1 145 11
212: 1 94 2
213: 7 7 24 81 4 120 6 186 1 241 5 253 1 297 2
214: 7 54 1 60 13 166 28 167 6 180 4 314 11 325 1
215: 7 138 20 150 49 154 1 158 2 278 9 299 5 314 14
216: 1 199 10
217: 4 26 3 129 22 158 2 222 6
218: 14 30 12 37 1 97 3 99 28 108 1 119 1 142 2 163 1 183 7 191 3 195 4 218 8 224 1 312 2
219: 2 49 7 298 2
220: 6 108 4 114 1 155 1 191 1 226 12 312 10
221: 1 19 3
222: 1 166 6
223: 1 199 8
224: 1 242 1
225: 6 15 19 115 1 264 4 314 2 325 1 327 13
226: 5 27 2 76 1 196 3 197 1 214 5
227: 5 35 6 113 1 177 1 314 9 323 8
228: 5 101 1 159 8 166 3 185 1 225 1
229: 5 7 7 44 1 56 1 62 1 326 3
230: 5 53 1 110 1 137 1 167 2 323 9
231: 3 84 1 150 17 323 1
232: 2 109 9 166 10
233: 8 91 1 172 2 199 12 204 8 297 2 299 1 311 2 326 12
234: 3 112 1 158 2 322 4
235: 1 273 4
236: 3 62 1 94 29 213 1
237: 10 1 2 62 1 91 2 95 1 134 1 199 3 241 6 278 2 297 2 326 2
238: 7 69 6 152 1 230 1 235 1 238 3 281 1 314 15
239: 1 77 3
240: 4 98 1 166 18 199 11 299 2
241: 6 6 24 56 1 116 1 250 12 299 2 326 5
242: 1 35 8
243: 1 223 38
244: 1 223 7
245: 3 179 3 289 4 308 7
246: 1 297 1
247: 2 62 1 94 2
248: 8 3 2 10 1 15 50 62 1 106 3 253 1 264 3 326 7
249: 7 7 16 147 7 166 18 199 29 234 6 250 10 299 4
250: 5 21 1 59 22 166 11 170 6 277 8
251: 3 166 20 257 7 280 1
252: 9 8 3 23 1 108 4 114 12 142 14 191 1 219 1 248 2 312 12
253: 7 19 12 56 1 62 1 151 2 207 1 306 1 326 2
254: 2 42 7 120 1
255: 2 54 3 258 2
256: 1 19 1
257: 1 3 1
258: 6 7 6 56 3 80 1 207 1 297 3 325 8
259: 2 62 1 222 10
260: 2 189 3 330 1
261: 5 6 6 7 7 129 10 199 52 243 2
262: 8 20 1 76 5 84 2 129 5 160 4 199 17 207 1 222 10
263: 5 35 6 147 1 150 1 160 2 299 5
264: 2 166 7 167 1
265: 6 3 1 158 1 160 2 199 11 201 2 299 4
266: 2 53 2 207 2
267: 7 62 1 175 1 189 2 199 50 258 8 297 2 326 1
268: 5 113 4 129 8 145 3 199 48 258 1
269: 9 7 5 11 1 106 1 113 2 182 1 216 1 258 3 326 5 335 1
270: 1 132 9
271: 6 62 1 71 11 126 1 138 50 182 1 239 4
272: 1 62 11
273: 4 7 4 199 16 299 1 323 1
274: 7 56 1 134 1 166 29 199 21 223 13 274 22 299 3
275: 5 62 1 166 2 199 25 266 1 296 1
276: 1 180 2
277: 7 70 1 100 2 108 1 195 4 206 1 276 2 279 1
278: 1 223 10
279: 1 223 12
280: 1 293 2
281: 2 19 4 187 1
282: 4 110 9 146 5 280 1 323 1
283: 4 113 1 139 3 238 3 242 1
284: 1 158 2
285: 2 62 2 94 3
286: 9 47 7 49 2 93 1 150 5 161 2 166 14 199 73 208 2 308 5
287: 4 66 1 73 1 301 1 323 3
288: 2 105 1 326 4
289: 2 138 4 267 5
290: 11 2 31 7 12 62 1 77 1 189 1 198 1 199 7 250 10 285 2 297 5 326 4
291: 10 12 1 82 4 128 1 142 4 155 13 192 1 219 1 226 1 271 1 312 17
292: 3 113 5 243 1 308 6
293: 2 123 1 207 1
294: 3 6 1 19 1 187 1
295: 4 7 7 60 3 243 3 245 2
296: 8 39 1 56 2 167 5 232 5 236 3 244 2 278 7 280 1
297: 5 120 2 158 1 211 2 212 5 238 3
298: 1 94 17
299: 7 7 16 56 3 157 3 314 1 324 2 326 1 330 1
300: 5 10 3 112 1 150 38 158 1 240 7
301: 5 18 2 166 19 199 11 207 1 280 2
302: 2 166 26 287 12
303: 8 2 5 3 1 7 6 11 2 56 2 84 5 297 2 326 7
304: 4 36 1 115 1 292 2 299 3
305: 5 129 7 146 7 158 1 207 2 297 1
306: 1 166 12
307: 3 65 3 68 1 251 16
308: 2 132 1 273 11
309: 1 263 3
310: 5 36 1 54 1 93 1 232 8 277 6
311: 3 253 2 289 2 323 1
312: 1 62 5
313: 4 15 17 225 2 243 8 326 7
314: 4 62 1 72 1 130 1 199 4
315: 3 98 24 166 1 193 3
316: 1 298 2
317: 13 8 1 12 1 30 1 51 5 85 1 103 14 108 1 114 8 141 1 142 2 209 1 312 1 317 2
318: 8 67 1 70 1 99 29 108 2 114 10 248 4 270 1 312 24
319: 1 223 11
320: 1 280 1
321: 5 13 3 19 3 79 2 187 1 328 5
322: 3 2 14 9 1 316 1
323: 6 35 12 120 2 180 1 199 45 212 3 314 3
324: 4 39 1 50 1 166 14 235 1
325: 1 94 18
326: 6 7 26 35 9 81 2 157 1 201 9 335 5
327: 9 15 14 62 1 83 1 84 2 109 1 131 3 225 4 297 5 326 4
328: 5 39 3 166 27 207 1 239 3 264 1
329: 8 101 1 116 1 158 1 166 16 211 1 297 1 316 1 323 1
330: 6 22 1 35 5 39 1 81 6 178 3 201 1
331: 13 30 1 32 1 37 1 52 5 70 1 82 3 99 41 114 2 133 1 163 1 191 1 248 4 312 1
332: 4 62 1 196 4 299 6 326 11
333: 5 106 4 145 4 168 1 199 43 211 6
334: 3 6 1 96 4 233 2
335: 6 7 20 72 1 123 4 297 4 326 3 335 1
336: 2 9 1 137 1
337: 5 110 6 111 6 166 8 285 1 288 1
338: 2 199 29 244 1
339: 1 231 7
340: 1 294 1
341: 2 94 2 213 1

Limite Inferior e Limite Superior:
35 177
