idAccess: 37, 78, 13, 21, 40
itensDePedidosAtendidos: 7, 53, 55, 82, 91, 96, 119, 133, 168, 226, 235, 283, 306, 348, 365, 387, 404, 425, 456, 485, 515, 550, 626, 627, 690, 692, 702, 703, 740, 744, 763, 794, 817, 906, 916, 944, 958, 972, 985, 1012, 1021, 1028, 1039, 1046, 1063, 1079, 1085, 1087, 1104, 1118, 1127, 1131, 1146, 1173, 1186, 1187, 1189, 1198, 1199, 1203, 1205, 1222, 1241, 1242, 1256, 1264, 1271, 1277, 1286, 1289, 1308, 1389, 1390, 1417, 1425, 1482, 1486, 1498, 1519, 1551, 1562, 1563, 1567, 1572, 1590, 1632, 1639, 1683, 1704, 1708, 1719, 1743, 1750, 1773, 1781, 1782, 1809, 1816, 1850, 1855, 1871, 1911, 1920, 1923, 1971, 1994, 2016, 2024, 2025, 2029, 2069, 2074, 2080, 2086, 2088, 2112, 2122, 2138, 2152, 2157, 2172, 2179, 2214, 2248, 2259, 2295, 15, 37, 46, 48, 110, 127, 141, 189, 197, 212, 216, 247, 248, 253, 271, 280, 293, 295, 307, 330, 343, 366, 378, 395, 421, 458, 500, 516, 520, 531, 535, 571, 585, 596, 597, 605, 607, 622, 633, 651, 659, 675, 695, 706, 713, 780, 789, 853, 855, 859, 889, 891, 913, 926, 967, 978, 982, 994, 999, 1016, 1064, 1075, 1103, 1153, 1167, 1179, 1216, 1233, 1268, 1316, 1317, 1318, 1327, 1337, 1341, 1356, 1384, 1398, 1418, 1423, 1436, 1499, 1513, 1517, 1523, 1535, 1591, 1606, 1612, 1628, 1630, 1650, 1746, 1788, 1833, 1870, 1905, 1916, 1964, 1985, 1999, 2119, 2132, 2168, 2232, 2250, 2255, 2269, 27, 34, 50, 67, 69, 76, 99, 124, 130, 151, 160, 204, 218, 242, 262, 268, 286, 325, 342, 386, 397, 407, 423, 461, 519, 523, 612, 634, 639, 640, 662, 715, 766, 827, 831, 841, 848, 858, 866, 872, 878, 895, 897, 915, 931, 939, 953, 959, 960, 986, 991, 1049, 1053, 1086, 1147, 1156, 1182, 1188, 1195, 1259, 1305, 1343, 1368, 1388, 1401, 1485, 1503, 1538, 1544, 1607, 1609, 1657, 1665, 1667, 1694, 1717, 1738, 1742, 1757, 1780, 1795, 1814, 1818, 1827, 1861, 1876, 1940, 1941, 2114, 2202, 2211, 2222, 2227, 2256, 2266, 2298, 2303, 9, 43, 51, 61, 66, 70, 112, 122, 173, 232, 233, 237, 261, 279, 335, 346, 347, 355, 405, 408, 436, 453, 472, 533, 672, 762, 803, 809, 813, 818, 819, 826, 864, 948, 987, 1054, 1071, 1113, 1117, 1130, 1202, 1214, 1218, 1240, 1253, 1287, 1352, 1359, 1366, 1373, 1433, 1467, 1516, 1529, 1549, 1550, 1552, 1577, 1640, 1671, 1691, 1701, 1720, 1753, 1789, 1812, 1843, 1890, 1947, 1957, 2043, 2045, 2055, 2056, 2104, 2116, 2128, 2136, 2210, 2223, 2239, 2251, 2285, 2288, 3, 6, 62, 103, 104, 172, 289, 292, 298, 299, 331, 393, 400, 470, 506, 718, 755, 802, 815, 830, 857, 869, 914, 957, 1108, 1154, 1157, 1174, 1175, 1184, 1223, 1231, 1312, 1344, 1347, 1369, 1383, 1488, 1500, 1521, 1546, 1588, 1625, 1730, 1736, 1761, 1770, 1823, 1857, 1938, 1960, 2067, 2098, 2123, 2167, 2185, 2186, 2197, 2216, 2240, 2245
pedidosAtendidos: 2050, 14, 17, 18, 19, 2066, 35, 2083, 38, 2086, 44, 45, 2092, 2093, 50, 55, 60, 61, 62, 63, 65, 2113, 2114, 2116, 69, 71, 75, 2126, 2130, 88, 94, 95, 2146, 99, 101, 103, 2151, 2152, 107, 110, 114, 2165, 2168, 2169, 124, 2172, 2176, 2178, 133, 2185, 2190, 143, 2195, 2198, 157, 158, 159, 2207, 162, 2213, 167, 2215, 172, 175, 2223, 2224, 2233, 2237, 2238, 191, 2239, 198, 2247, 2248, 207, 2259, 212, 2265, 218, 2266, 224, 225, 227, 2283, 237, 239, 243, 2292, 2297, 2302, 2304, 265, 2319, 274, 275, 2323, 2328, 281, 283, 293, 2343, 298, 299, 2349, 304, 305, 2354, 307, 309, 311, 313, 2363, 316, 318, 2369, 2370, 2373, 334, 335, 2383, 337, 338, 341, 342, 2390, 344, 2391, 2392, 353, 2401, 357, 359, 364, 2413, 368, 2416, 2418, 372, 373, 374, 375, 2423, 377, 2424, 2425, 380, 2426, 2434, 2436, 389, 2437, 396, 2444, 398, 2446, 400, 401, 2447, 403, 2449, 405, 406, 2453, 2456, 409, 2457, 2460, 2465, 421, 424, 425, 2472, 2474, 433, 435, 436, 2486, 2488, 441, 2489, 445, 454, 455, 456, 458, 461, 462, 465, 2515, 2517, 2520, 476, 2524, 2525, 484, 2533, 487, 2538, 2549, 503, 510, 2559, 2563, 516, 520, 2569, 2570, 523, 2571, 525, 2573, 2576, 529, 2578, 2580, 2582, 535, 536, 2583, 2586, 2588, 2593, 2601, 2603, 2604, 558, 559, 2610, 2611, 2621, 576, 2626, 2634, 2639, 2642, 595, 600, 606, 2654, 610, 2658, 612, 614, 2664, 2669, 622, 2673, 637, 640, 646, 653, 656, 663, 664, 665, 677, 685, 686, 689, 696, 705, 706, 708, 710, 711, 713, 725, 732, 733, 738, 739, 748, 760, 765, 768, 776, 778, 782, 783, 791, 800, 802, 804, 805, 811, 818, 823, 829, 834, 840, 841, 843, 859, 862, 866, 868, 871, 873, 875, 884, 896, 905, 912, 921, 922, 930, 932, 934, 940, 945, 949, 952, 956, 960, 963, 978, 988, 992, 999, 1002, 1003, 1006, 1007, 1016, 1021, 1033, 1045, 1046, 1050, 1052, 1063, 1064, 1071, 1077, 1079, 1080, 1097, 1118, 1135, 1136, 1142, 1152, 1155, 1165, 1169, 1170, 1171, 1173, 1174, 1182, 1184, 1188, 1189, 1192, 1198, 1204, 1209, 1215, 1220, 1226, 1231, 1234, 1235, 1237, 1243, 1246, 1247, 1248, 1251, 1253, 1260, 1266, 1278, 1297, 1298, 1304, 1305, 1306, 1311, 1314, 1322, 1329, 1343, 1346, 1365, 1371, 1372, 1374, 1385, 1392, 1403, 1407, 1409, 1411, 1412, 1416, 1418, 1420, 1422, 1434, 1436, 1446, 1453, 1457, 1471, 1472, 1478, 1480, 1501, 1506, 1514, 1515, 1527, 1529, 1532, 1537, 1544, 1546, 1547, 1549, 1560, 1561, 1562, 1563, 1566, 1574, 1579, 1581, 1588, 1590, 1593, 1594, 1599, 1605, 1609, 1611, 1617, 1619, 1621, 1641, 1655, 1656, 1660, 1667, 1668, 1674, 1676, 1687, 1688, 1690, 1699, 1700, 1702, 1708, 1710, 1712, 1714, 1733, 1735, 1736, 1738, 1751, 1752, 1770, 1778, 1785, 1787, 1788, 1790, 1803, 1813, 1818, 1819, 1824, 1828, 1843, 1850, 1856, 1859, 1863, 1865, 1867, 1874, 1892, 1925, 1928, 1935, 1939, 1941, 1950, 1952, 1955, 1959, 1971, 1973, 1996, 2004, 2026, 2031, 2038, 2045
totalUnidades: 586
score: 117.2
Tempo gasto para construir o RSO: 26.293223900021985

Heuristica
Score: 40.892857142857146
Tempo: 0.05168719997163862

Heuristica Refinamento
Score: 42.92857142857143
Tempo: 0.10969459998887032
